5.68669 -3.39174 19.3843 7.75566 
3.69746 -2.56363 -21.5596 16.1622 
4.51874 -4.45245 34.5699 -40.4102 
2.30615 0.645185 -68.5027 51.2242 
4.81675 -2.69051 -11.9674 -9.94956 
5.72499 -1.74425 19.7941 -49.9753 
3.58255 1.65861 -20.5457 -50.343 
4.66817 -3.61645 21.7299 -9.22867 
6.11597 -1.96395 31.9548 -36.0864 
5.97737 -1.3123 49.5329 -48.5681 
2.4635 3.17194 -2.88142 13.1388 
3.27902 -0.0299178 -85.7489 -5.48716 
3.67158 2.06866 -4.93849 -39.709 
4.57482 -3.22617 6.39203 -4.72714 
0.610788 1.67689 18.6134 65.113 
1.81055 4.1382 29.8983 41.1853 
2.42896 2.44738 -27.5546 -0.97892 
2.52758 3.2113 -2.56419 14.6497 
5.09572 -2.64027 -7.72937 -14.5734 
1.93146 -1.89127 26.3882 54.4792 
3.09779 -0.455663 -81.1987 27.9523 
5.46259 -5.18503 76.5655 -19.0645 
4.09212 1.55869 7.08519 -58.4317 
0.446142 2.36819 11.2802 40.4409 
3.69429 -3.34711 -0.780935 -6.367 
1.76512 3.66179 21.0166 24.7968 
5.85656 -0.272037 80.5754 -39.9834 
4.42318 1.72301 29.6087 -47.4493 
5.16073 -0.656594 17.2193 -78.2975 
2.32332 -0.877144 -25.3326 82.4939 
2.27401 -1.93065 9.69013 58.1912 
6.03819 -0.943727 67.2761 -43.718 
5.32795 -4.97583 71.0944 -20.6089 
2.62913 0.435151 -79.7725 33.8252 
6.09369 -5.10259 74.9403 30.2821 
2.75918 -0.913809 -52.7801 63.8566 
1.65636 -0.761306 24.9713 86.9342 
4.3375 -2.62186 -20.0885 -0.962181 
5.4829 -0.496291 50.2068 -68.9311 
0.948623 1.23117 10.5158 80.0856 
5.51058 -3.20869 13.0654 1.38518 
1.80992 0.450021 -32.8001 85.6522 
0.387187 2.14398 18.0282 47.6381 
5.30034 -3.16074 10.0451 -1.80954 
2.41279 3.53016 4.93673 26.534 
2.63052 -0.648138 -55.4186 67.2863 
2.57826 0.585282 -78.2144 32.1717 
4.8542 0.754253 42.7939 -68.8888 
5.00168 0.594084 49.2411 -67.604 
0.865397 1.97326 -1.28538 55.8058 
3.00488 0.85732 -75.1908 -13.274 
0.431023 5.31443 83.7857 6.70468 
6.12414 -5.03251 71.7183 34.0241 
4.82526 -3.43278 16.9368 -4.15148 
0.730876 2.78797 3.8679 25.1526 
0.676014 -0.0250291 74.687 61.916 
0.796191 -0.0566803 68.5041 69.3403 
2.19613 2.41525 -29.4612 6.32645 
0.920369 1.60737 1.23036 68.8804 
4.20002 0.88878 -6.0881 -74.6527 
5.42301 0.704626 76.5617 -37.8059 
4.14181 -1.24607 -61.4893 -26.1796 
1.72065 2.10366 -34.7719 30.1305 
3.2514 -0.342394 -84.7422 10.1762 
6.19562 -2.36987 22.7342 -23.2485 
2.33189 -1.6961 2.20949 65.8838 
1.33346 -0.0403183 26.6953 93.016 
4.23424 -3.46484 9.57286 -10.6514 
3.78283 0.383152 -56.9916 -57.7037 
5.98455 -1.04796 60.5755 -47.4718 
5.03839 -0.625601 8.50058 -79.7166 
5.66322 -4.21909 49.8631 16.4443 
5.06433 -0.210933 26.5435 -80.4639 
5.11916 -3.02122 3.51922 -5.09042 
2.03351 -1.48292 16.1276 72.1123 
5.2322 -3.25034 12.6559 -0.66087 
5.22338 -1.46161 -3.65734 -60.5132 
0.293897 0.411567 82.7697 46.2133 
1.30264 2.0123 -22.1514 47.8127 
4.55619 -3.22531 5.42226 -4.14617 
4.42719 -1.40493 -49.673 -36.7196 
4.38096 -2.00368 -41.2687 -13.9251 
0.382267 0.404931 78.7884 53.203 
0.356166 2.1691 18.7887 46.3347 
5.28736 -2.10956 -8.25657 -37.6932 
0.239143 5.52558 87.6196 -1.93132 
4.9448 -1.69873 -24.5611 -47.1177 
3.38795 2.51149 -7.32537 -21.3688 
5.37493 0.260315 67.0608 -57.7766 
4.19044 0.938487 -4.53846 -74.2226 
3.61134 -1.65841 -55.1706 20.1906 
5.4369 -0.306854 53.3275 -67.6388 
1.59211 -0.122836 6.87353 95.9814 
4.48907 -4.29674 32.3034 -35.0777 
4.85613 -1.03281 -20.1948 -68.6489 
6.05686 -2.37095 18.9543 -25.651 
2.81096 0.0880967 -82.473 32.2274 
5.6531 -1.27552 31.0708 -60.9451 
2.82262 0.450112 -83.2804 16.9696 
0.824654 0.879392 32.9239 82.4283 
3.87076 1.54971 -7.31512 -57.3998 
5.3592 -1.68709 -0.317031 -53.9219 
1.51998 4.721 47.1839 54.0261 
2.55165 -2.17848 -0.136069 48.5925 
5.72676 -3.32855 17.3496 7.13542 
0.978245 0.316594 42.6042 86.3926 
1.13772 4.31607 52.2799 22.074 
2.19549 1.9356 -47.1193 13.1409 
0.439397 5.0642 78.2162 -0.623427 
0.739102 1.0742 31.5812 78.4531 
2.4761 -0.268391 -59.264 69.1288 
5.09072 -0.575888 14.3571 -80.1234 
1.34765 4.80388 54.526 49.522 
2.83185 0.135717 -82.6427 28.7148 
5.14795 -4.89317 64.081 -29.4202 
5.93701 -0.269034 84.3403 -34.3189 
6.03873 -1.35647 51.8117 -45.6783 
4.62596 -1.85073 -37.6343 -29.5615 
0.291817 2.42283 15.4534 37.3114 
6.16334 -4.18127 37.3376 36.8326 
3.22777 -1.44457 -54.1984 40.6836 
5.25605 -0.575205 28.612 -76.8177 
3.75238 1.97271 -2.50233 -43.5781 
5.33868 -5.06067 71.911 -23.8141 
5.64019 -2.99427 8.62514 -5.00986 
6.18003 -5.1713 75.6872 35.163 
2.2324 3.5349 8.64949 26.0558 
2.78703 3.40101 -2.63578 19.8535 
6.19662 -5.94891 92.8639 11.6005 
5.20179 0.795291 66.4063 -49.796 
1.09468 -0.781164 65.082 62.6289 
0.591546 1.4654 26.6798 69.2453 
5.75722 -4.72992 68.3848 15.6153 
4.46269 -0.278912 -28.803 -76.6109 
4.90177 -0.512773 1.26916 -80.8487 
1.78401 2.04129 -37.982 29.3352 
4.40957 -3.25062 5.34499 -4.95592 
1.63084 -0.414629 14.7503 93.2769 
6.03701 -1.90279 30.7187 -39.7104 
2.13019 2.31032 -33.5134 10.3132 
4.65403 -1.89415 -35.7119 -28.8888 
3.28806 1.4361 -44.7868 -41.1343 
5.74519 -4.32562 52.7356 20.3587 
2.25004 0.208411 -58.7602 70.3031 
1.42626 -0.449581 33.5181 88.7975 
4.3152 -4.27188 24.6255 -38.7275 
1.99281 -0.0151477 -32.6414 89.1289 
3.19454 -1.01411 -68.5607 36.0635 
2.06925 2.54469 -24.2415 9.7323 
4.41835 0.89942 12.3602 -74.9784 
6.04359 -3.55005 20.4979 18.2065 
0.407506 1.86807 24.6177 56.571 
2.15581 2.21042 -37.0956 10.1811 
5.49974 0.104129 70.9692 -54.7447 
4.94891 -2.76889 -6.78232 -10.0634 
6.09915 -5.88052 92.7705 5.44459 
2.68177 0.657156 -79.7617 20.6598 
1.03706 0.383041 35.5834 88.6203 
0.0471399 4.02707 30.5992 -23.8676 
4.31513 -1.63862 -50.9591 -22.3981 
4.55539 -2.37541 -26.9556 -10.8263 
5.6894 -5.48552 84.6345 -14.1302 
0.293319 5.92986 91.9881 18.5789 
2.18495 2.33424 -32.5469 7.53027 
6.18454 -0.481265 87.3992 -20.7245 
2.40134 -0.638429 -40.5092 79.26 
0.831314 3.9723 41.3439 2.79116 
6.2181 -4.15735 34.9331 38.653 
4.75828 -0.031684 6.61207 -84.3522 
4.36933 -2.64973 -19.0042 -1.55301 
5.12169 -2.29574 -14.4005 -27.8018 
3.02356 3.13994 -5.95794 7.40236 
2.68903 -2.57638 -1.5179 32.172 
6.23417 -3.54915 18.3799 20.8502 
5.36129 -5.02888 72.7616 -20.4097 
2.61605 1.27187 -68.7994 3.62996 
0.53322 1.49639 29.5024 67.6419 
0.734421 2.6299 1.73222 31.1377 
0.412378 4.0232 38.6972 -12.2281 
2.80009 0.8692 -77.6425 2.9923 
4.13463 0.839233 -12.735 -74.1706 
5.98055 -4.03632 37.3762 28.5822 
0.365238 -0.00387758 88.218 37.9581 
4.76814 -3.77537 29.2457 -10.2465 
5.86243 -3.06854 12.068 -0.435752 
0.291148 1.44919 45.1666 59.9024 
0.0719192 0.349443 91.0754 25.9896 
2.5832 0.173578 -75.5361 47.4482 
5.96108 -2.58727 12.139 -19.3065 
4.17299 2.08762 18.7626 -37.4023 
5.52379 -3.62285 27.5199 9.32031 
2.64829 -1.95225 -9.44222 55.3573 
1.20279 3.72759 31.1918 14.1855 
6.08685 -1.54583 46.5115 -43.1672 
0.402097 4.95607 74.2411 -6.65155 
5.90791 -5.09219 78.6274 17.0697 
4.79695 0.020786 12.8504 -83.3648 
6.13587 -4.27986 42.7548 37.2192 
1.324 3.70176 28.624 16.3798 
3.29186 -0.0808764 -85.3878 -4.17094 
4.26373 -1.4756 -55.4668 -25.4496 
5.40145 -0.626579 38.7814 -72.4188 
0.911618 -0.321434 67.8682 68.1992 
0.491769 5.33311 84.6665 12.2186 
0.129095 3.96835 30.7735 -20.4277 
5.70408 -2.87344 7.59601 -9.45436 
0.54638 -0.317557 86.4153 41.1205 
2.00681 2.82529 -11.7728 11.3133 
0.549849 0.753703 57.0915 70.9692 
5.41294 -4.32263 55.3315 3.5572 
0.474461 5.61619 87.5671 20.8196 
5.7068 -3.63147 26.6971 14.2621 
0.871958 3.34098 16.7724 9.0853 
1.23994 -0.127067 37.6978 89.7608 
1.23386 2.95585 0.603096 18.8622 
3.05851 -1.67922 -38.5313 49.6655 
5.95235 -0.386617 81.4496 -36.6985 
1.43628 1.41876 -27.663 66.872 
0.831759 4.28297 53.1023 6.29024 
3.43379 -2.87021 -10.246 13.5004 
1.1554 -0.407403 53.6623 79.2206 
1.5836 -0.584561 25.2604 90.2154 
5.79095 -5.70198 88.3244 -14.3008 
0.141927 3.49385 18.5747 -5.93271 
3.17486 1.0682 -64.4453 -31.5355 
2.46533 0.0420179 -66.9959 60.8436 
4.87933 0.902642 47.4568 -62.5369 
5.93334 -1.83926 28.1603 -43.5508 
3.04577 -2.90015 -6.05568 16.2309 
3.04444 2.91546 -7.70317 -2.24922 
4.33295 1.2202 15.3331 -67.5376 
3.92653 1.61863 -1.43397 -56.2067 
2.49592 2.62933 -19.9729 -0.477381 
3.91469 0.954905 -25.3438 -68.6616 
3.85849 1.8872 0.645222 -47.7115 
4.50292 -1.03308 -44.5103 -55.612 
1.62396 -0.711644 25.6803 87.5207 
2.67474 1.08197 -73.3463 5.53088 
2.62463 -1.06866 -38.4497 70.8689 
1.4444 0.646145 -9.89758 90.2842 
1.9548 -0.325027 -16.5796 92.917 
1.23846 -0.33679 44.8785 84.6435 
1.79287 0.931561 -43.2408 71.5702 
4.2938 -2.76683 -14.1362 0.156229 
0.799394 0.0823758 64.5257 72.7993 
5.93805 0.247771 91.1123 -14.8137 
2.28511 0.350353 -64.0688 63.5331 
4.15187 0.0225106 -43.392 -70.4002 
3.90772 -0.985824 -71.298 -20.3634 
3.47272 0.205753 -77.5596 -30.8883 
3.68897 -0.552289 -78.4194 -20.1713 
4.50172 -4.42141 33.5453 -40.0038 
0.861948 1.91432 -0.439234 57.9724 
0.428284 3.57348 23.1565 -3.708 
5.6392 -1.77249 14.1046 -50.1102 
0.575184 0.243137 73.7539 62.7154 
4.64921 -0.715009 -27.2634 -72.4498 
2.79678 2.61857 -17.1255 -7.11116 
1.78071 2.6235 -18.9197 17.2166 
2.35545 1.27621 -66.7375 23.0457 
3.02525 -0.00336517 -85.73 16.5378 
0.12204 1.5366 50.7685 52.0698 
5.43926 -2.59103 -1.31963 -19.8265 
0.91105 0.630069 35.8363 85.9575 
1.07045 0.321662 35.0526 89.5185 
5.16676 -4.40979 55.6381 -11.6855 
3.64639 -3.52259 -0.139515 -13.1166 
2.90043 -2.88629 -4.48623 18.5519 
0.271061 0.239286 87.6484 38.7716 
5.51189 -4.65756 66.3001 1.67737 
1.36128 2.41024 -18.2892 31.9036 
5.03175 -2.9088 -1.42653 -7.27502 
2.64653 1.22511 -69.918 2.79411 
2.03917 1.41987 -56.3474 38.2376 
3.9555 -3.32066 1.71924 -6.22466 
0.530031 1.51261 29.4252 67.0257 
1.78458 -0.689213 11.971 90.3321 
1.61089 4.12957 36.5568 35.1209 
4.59948 -1.54817 -41.1981 -39.7147 
6.23803 -5.01371 67.3832 41.846 
3.41855 0.0257959 -82.6705 -19.444 
5.09729 -4.77219 60.536 -27.8021 
2.81877 2.11152 -34.5432 -17.6339 
3.88258 -0.00673768 -62.4569 -54.1643 
0.393301 0.0291611 87.4014 41.5189 
4.97525 -0.0256022 26.2099 -80.9571 
3.66269 -1.58064 -58.944 16.2397 
2.97153 -0.636807 -73.1817 43.2698 
5.60603 -0.292501 65.9865 -58.0825 
6.09168 -1.89899 33.136 -38.1365 
0.0162996 1.94196 38.7498 43.591 
0.071096 2.24948 27.1134 39.3196 
5.33497 -0.531787 37.3241 -74.4249 
0.579782 2.75857 7.00985 26.0531 
4.93821 -0.468285 5.30309 -82.0295 
1.32253 -1.1249 55.8198 62.3009 
2.68844 -1.7569 -17.0939 60.1906 
4.82379 1.3387 49.0353 -48.6224 
0.98271 2.85237 1.4357 21.9605 
0.792504 3.64567 28.6784 3.55961 
0.90386 5.2155 74.9345 38.7795 
3.2129 -2.79088 -9.36083 18.6794 
2.66642 -1.88264 -12.4523 57.2884 
0.837656 2.37619 -2.22142 40.0274 
3.76849 -1.09348 -72.2033 -5.008 
4.39879 -4.30188 28.3616 -37.1766 
6.13083 -3.99416 32.0159 32.2811 
3.23826 2.38293 -13.6643 -23.7127 
3.37519 -1.12264 -69.7766 25.606 
5.70673 -4.27627 51.3514 18.1994 
2.46814 -2.41353 5.34806 39.8624 
0.26673 3.01974 12.8854 13.9545 
4.05235 -0.83014 -66.1174 -36.5186 
5.89823 -2.37728 13.6564 -27.4672 
2.45184 1.92771 -47.4872 0.361247 
0.195634 0.770255 76.3183 48.4477 
5.00056 -0.298353 17.5281 -82.4543 
5.31845 -5.13585 71.6205 -27.5443 
3.79682 2.39599 4.36029 -27.8928 
5.15628 -4.38803 54.1327 -10.9187 
2.31212 1.45854 -61.9827 19.5609 
0.494659 -0.191361 86.9554 41.7165 
2.81411 -0.456382 -71.5668 50.3706 
4.36378 -1.75051 -47.73 -20.296 
1.40826 2.52623 -15.5428 26.7209 
3.56494 2.59951 -1.69839 -19.5996 
0.147697 1.42626 53.6007 53.9576 
3.52612 2.15648 -8.98913 -34.9728 
3.92295 -2.66348 -19.3781 8.99354 
5.44933 0.618205 76.6962 -39.9484 
0.30005 5.42043 85.5557 -0.534832 
0.287863 -0.226451 92.4602 22.9951 
0.547761 4.74235 68.9449 -1.86411 
6.02579 -1.38871 49.1507 -46.2085 
4.11509 1.55077 8.42918 -58.4147 
0.0211331 3.037 13.8888 10.7736 
2.7786 -0.710695 -61.6543 58.9849 
0.127559 0.988572 71.1495 48.3345 
1.66325 -0.37694 10.8747 94.8177 
6.10868 -4.01644 33.3547 32.32 
4.06123 -0.412342 -61.2098 -53.458 
1.09229 -0.158766 50.7261 82.8864 
4.14961 -2.77293 -15.2984 2.76278 
0.952399 0.371584 42.6523 86.0932 
1.74911 4.4123 35.4513 50.7031 
0.597632 0.0325949 77.6193 57.6511 
1.3355 3.96664 38.009 21.8383 
2.8718 2.1221 -32.7531 -18.7586 
0.340849 1.88607 26.3977 54.5423 
3.31587 -2.56692 -15.7262 24.3119 
1.1878 2.54037 -10.2201 30.8343 
5.62886 -0.0343845 74.3375 -49.4494 
2.70108 -1.73364 -18.2287 60.8995 
4.14973 -3.18512 0.110721 -2.85757 
0.887752 3.40313 19.4921 8.38035 
5.341 0.192067 62.6253 -62.0431 
2.15332 -0.192803 -39.137 85.4103 
4.40712 -1.79642 -45.7667 -21.8483 
3.05585 1.85237 -38.1434 -28.5558 
5.31987 -2.84493 0.75013 -10.2951 
5.6579 0.517892 84.4456 -27.4924 
4.27956 -2.78499 -14.335 0.801211 
1.3926 2.22931 -22.3573 36.4218 
5.49437 -5.11167 76.7807 -14.1748 
1.59668 0.930233 -29.7071 79.0678 
3.18727 -2.62622 -11.6676 24.7619 
3.52617 -1.28095 -67.2528 18.979 
4.54197 0.799931 19.1781 -76.1763 
6.13075 -3.48207 18.6074 17.5577 
2.58964 3.62437 1.56484 29.9831 
2.19067 1.0356 -65.2603 42.9963 
1.67017 -1.32216 36.9974 69.3292 
5.78991 -5.36814 85.0852 -1.53782 
5.55695 -0.0918992 69.4455 -56.1488 
1.00287 4.77841 66.0489 28.5926 
2.32449 -1.28778 -9.62579 76.9206 
3.08882 2.64869 -12.1171 -12.3167 
1.40722 3.09323 3.90919 16.6534 
0.115121 1.37528 57.258 51.8641 
3.26667 -1.47985 -54.2858 38.5744 
0.935504 2.84149 2.03281 22.4987 
3.28329 -1.39354 -58.2575 37.3947 
3.34246 -0.477088 -83.7734 7.19192 
4.22999 1.36508 11.6843 -63.6382 
1.56079 2.3236 -24.8144 29.4182 
5.28691 -4.89174 68.1249 -20.9244 
1.94986 3.57679 14.7962 25.2266 
5.01881 0.193568 38.611 -76.5441 
6.24729 -4.88982 63.029 43.5766 
2.09965 4.01767 18.334 43.2163 
4.70687 -1.42545 -35.4388 -49.3345 
0.476837 5.67682 88.0836 24.2172 
0.11654 4.87543 64.4828 -26.1245 
5.7932 0.393306 88.5588 -21.7524 
2.5162 -2.46105 3.76651 37.8841 
5.08986 0.715802 58.2161 -58.8016 
0.60982 3.96038 39.2719 -4.57849 
0.236251 0.485205 83.2828 44.1193 
1.51333 -0.956282 40.914 77.5128 
2.76537 2.00358 -39.8385 -15.7016 
3.80418 1.3117 -19.9062 -61.5283 
5.11222 -2.60802 -8.84472 -16.202 
1.39821 3.95162 36.7985 22.887 
5.78188 -2.79976 8.41651 -11.8387 
2.86868 -1.52979 -35.1574 58.3288 
1.82893 -1.21448 24.5411 77.8486 
4.33893 -1.85447 -45.997 -16.0468 
1.55189 2.11835 -29.9576 36.125 
1.30789 2.42979 -15.9132 31.8221 
2.8252 -2.60593 -4.1976 30.5064 
2.38907 0.851924 -72.0175 36.7598 
2.81627 1.92478 -42.2759 -17.6255 
1.34378 1.03643 -13.3729 82.8534 
0.725555 -0.340415 78.4579 54.5234 
3.96538 2.27737 10.5368 -32.6373 
2.33943 2.53114 -24.6715 2.0586 
1.22724 2.44418 -13.4045 33.2861 
1.21554 -0.733721 56.934 71.6718 
1.44918 4.73843 49.7595 51.9018 
3.53276 1.81534 -18.2039 -45.3258 
0.617423 4.76698 69.8522 4.18 
0.979292 5.06426 70.998 37.8808 
6.21904 -0.588476 86.2221 -21.2598 
0.767393 -0.188244 74.0308 62.4451 
3.09643 -2.8279 -7.59731 18.8864 
2.15026 1.38909 -60.5751 32.716 
4.82083 -4.5401 47.589 -32.5488 
1.2687 2.61151 -10.8043 27.2783 
0.227751 4.98508 72.5639 -18.0837 
0.321332 2.60357 12.2362 30.0815 
0.481899 3.59756 24.8811 -3.47108 
5.99999 -5.79002 91.142 0.145201 
5.20305 -3.7279 31.3034 2.15801 
3.77932 -1.07368 -72.4153 -6.85312 
4.37601 -3.53755 14.625 -11.7281 
3.18372 -1.43161 -52.9154 43.2735 
3.85926 1.51886 -8.88746 -58.8267 
3.05376 -0.73327 -73.2587 40.1707 
0.410633 0.468261 75.9594 56.4798 
0.844289 2.32044 -2.67768 42.42 
2.63202 -0.925321 -44.8024 70.0471 
1.83822 0.000450175 -19.2526 92.8981 
5.24464 -4.27017 52.2205 -3.78728 
3.59471 0.505098 -63.6712 -48.2855 
2.0146 0.590879 -52.0572 71.6513 
0.858926 1.21938 17.3316 78.6773 
5.30878 -3.68169 30.3928 5.08548 
2.82732 0.693342 -81.2816 6.98808 
5.20136 -2.86441 -0.531479 -8.79729 
4.99185 -0.169718 22.0757 -82.0439 
0.487952 0.85841 57.6508 68.5353 
1.55862 4.36502 42.424 42.482 
4.97361 -1.56631 -21.9313 -52.5807 
4.67052 -2.77329 -11.3542 -6.13942 
0.00605292 3.54404 17.1657 -9.71437 
1.84182 3.87185 24.418 32.957 
6.05375 -4.1216 39.1665 32.6349 
0.891202 4.58358 63.1965 16.4624 
1.91322 0.7984 -49.1555 69.6728 
4.94128 -0.979726 -11.7018 -72.1433 
2.19448 0.642728 -63.4478 59.147 
4.12063 -0.966336 -64.4021 -36.4241 
1.50259 0.330139 -2.69287 94.4799 
4.09699 -3.30016 2.86391 -6.56143 
5.84565 -4.71514 66.7742 21.2309 
2.28241 -0.966786 -18.9544 83.0998 
2.54114 -1.68288 -11.5201 64.812 
0.50228 2.47793 8.26026 36.3776 
3.83105 0.97717 -30.8453 -65.9239 
1.42348 4.09702 40.4952 28.1121 
3.51554 1.99881 -14.126 -39.922 
3.95815 1.78458 3.98874 -51.0703 
4.91287 -2.44161 -17.6111 -18.2597 
2.71482 -2.01644 -11.0089 52.4085 
3.02759 1.1404 -66.7251 -22.6963 
2.39952 3.70275 6.74938 32.8231 
6.22245 -0.8753 77.3986 -29.1543 
4.32749 0.756847 -0.353953 -77.2397 
3.02154 -2.40364 -12.5035 35.8275 
0.557708 -0.169094 83.3895 48.1801 
0.168707 3.2463 14.4339 3.84108 
3.43628 2.45645 -6.38922 -24.1535 
1.10831 3.08115 6.36017 16.5258 
1.89961 0.810632 -48.523 70.2845 
4.25741 -3.67962 15.7614 -16.7062 
5.59884 -2.8604 6.36137 -9.34576 
5.88891 -3.53217 22.2429 15.3601 
4.08581 -2.17239 -38.9238 3.2193 
4.69495 1.03552 37.7392 -65.3328 
3.31643 -1.89361 -39.0386 36.7837 
3.34777 -1.84929 -41.785 35.4441 
3.58353 1.63287 -21.3225 -50.7229 
0.863903 0.0583492 60.8691 76.6041 
1.89295 0.292553 -35.1528 86.4606 
6.11541 -3.8481 27.9359 28.4385 
5.90857 -0.151717 85.5871 -32.134 
2.23421 2.49996 -26.1049 5.60839 
5.46132 -3.97419 42.0126 9.15713 
3.08782 1.29468 -58.9697 -29.5083 
3.50904 2.42871 -5.36637 -25.8118 
