0.526234 -0.189192 84.7765 44.7238 
0.533552 -0.418423 86.8549 35.9621 
0.526711 3.91489 37.0211 -7.19282 
0.525417 3.81927 32.5384 -6.25996 
0.532517 1.57618 26.53 66.3362 
0.531645 3.01895 10.1394 15.1347 
0.524608 0.710589 61.0346 69.3442 
0.524012 -0.0434146 82.6171 49.9969 
0.523632 3.16401 13.0947 10.1523 
0.526411 -0.0481533 82.9216 49.7721 
0.52645 3.65048 26.4762 -3.61518 
0.528114 -0.521129 87.5067 31.1849 
0.531447 0.127979 78.9919 55.636 
0.531335 3.08099 11.4606 12.9509 
0.526549 0.412452 71.3618 63.8368 
0.527078 1.84756 18.5583 59.4163 
0.527104 1.22363 39.7668 70.8185 
0.524623 0.151789 78.7049 56.5312 
0.527859 0.329794 73.6436 61.2889 
0.530326 4.26295 50.2291 -8.97997 
0.525406 2.69464 7.12309 28.313 
0.532136 1.76041 20.6954 61.8269 
0.523954 4.97103 75.8121 2.83316 
0.524617 1.20855 41.2366 70.4481 
0.53277 2.35023 8.13585 41.33 
0.532183 1.64524 24.0435 64.3981 
0.530842 0.522537 67.3604 66.7556 
0.532799 3.13887 12.9042 11.5242 
0.523852 0.250454 76.4837 58.8656 
0.524136 4.38588 55.834 -8.29854 
0.529833 5.57153 87.1243 23.8228 
0.532386 2.65868 7.37872 30.0073 
0.523818 2.84603 8.38048 22.4263 
0.531324 3.90043 36.2695 -6.74408 
0.526982 1.39746 33.8493 68.4701 
0.52787 2.65621 6.94692 30.0328 
0.52597 2.18445 11.4472 48.2741 
0.533587 0.285849 74.2852 61.0356 
0.524032 0.461409 69.2008 64.4484 
0.52439 0.285059 75.2323 59.826 
0.532465 0.427222 70.6777 64.0742 
0.532563 -0.389539 87.1564 37.6694 
0.529772 -0.401984 87.1453 36.257 
0.527663 1.7717 20.6159 60.8114 
0.530658 3.49217 22.0463 0.488342 
0.524026 3.60963 25.3312 -2.69218 
0.529416 0.386575 72.2445 63.3351 
0.526645 0.0395469 81.4257 53.1766 
0.531486 0.608338 64.1425 67.8667 
0.525442 1.4308 32.0192 68.6659 
0.532173 5.61362 86.7556 26.2152 
0.527444 2.65026 7.74359 29.5022 
0.531233 -0.165714 85.0135 45.5898 
0.524905 2.8045 7.72801 23.6499 
0.525939 -0.481509 87.3971 33.065 
0.528657 5.74117 87.2197 30.5066 
0.531014 2.74784 7.38732 25.9196 
0.52718 4.65365 65.5881 -4.34734 
0.532555 3.87062 35.1325 -6.68306 
0.524386 2.56135 7.06309 33.1948 
0.528642 0.0397886 81.0155 53.1282 
0.527191 3.83421 33.5191 -5.87194 
0.532123 2.88561 8.6969 20.2078 
0.533595 1.7427 21.2671 61.7693 
0.529776 5.36215 84.3572 16.1007 
0.528227 3.69015 28.5622 -4.39317 
0.52595 2.76399 8.23445 25.7175 
0.52953 5.73059 87.0322 30.0756 
0.532717 1.33639 35.6795 69.378 
0.527799 -0.443085 87.256 35.0774 
0.530132 1.84382 18.9524 59.0455 
0.526485 5.16744 80.685 8.69931 
0.52483 0.204448 76.9635 57.9856 
0.525956 3.88571 35.3141 -7.47369 
0.531558 1.97978 15.1123 55.2069 
0.532639 1.98358 14.7551 54.5921 
0.527195 -0.163436 84.7121 45.3593 
0.52465 0.557605 65.8779 66.7487 
0.529218 1.93769 15.8458 55.9888 
0.527581 2.002 14.3098 54.7637 
0.52978 2.83831 7.78561 22.7634 
0.531069 1.65354 24.2132 63.7701 
0.530262 3.81666 33.229 -5.94372 
0.526793 5.20023 81.0751 10.2493 
0.524736 2.27492 9.84967 44.3226 
0.527477 3.57892 24.152 -2.10259 
0.531738 0.397454 71.0168 63.5754 
0.526797 2.92394 9.28653 19.0604 
0.528559 2.66236 7.02547 29.59 
0.532849 5.63836 87.0002 27.5466 
0.529387 3.39305 18.6282 3.23017 
0.530866 2.94294 9.37096 18.2647 
0.52944 0.792371 57.2286 70.4641 
0.528649 5.55785 87.1671 23.157 
0.532853 1.01563 47.9359 71.4299 
0.52798 3.53508 22.6726 -0.931128 
0.528209 0.0643238 80.5367 53.3795 
0.526292 1.14854 43.4717 70.7002 
0.524894 4.79543 70.4252 -1.49912 
0.52894 1.01791 48.3489 71.062 
0.524613 -0.295839 86.0798 40.6371 
0.525241 0.0673363 80.8297 53.5233 
0.529274 2.32414 8.65063 42.9556 
0.524958 4.7755 69.4911 -2.46564 
0.528432 2.61544 6.79937 31.7664 
0.527771 4.16338 46.1407 -8.87056 
0.532612 4.25706 50.3684 -8.84673 
0.531764 5.32486 83.4692 14.9705 
0.527294 -0.183082 85.0069 45.1632 
0.523893 0.0608674 80.4251 53.1485 
0.524473 3.33601 17.0661 4.92605 
0.528565 1.87732 17.737 57.8633 
0.532335 2.90415 8.54888 19.4925 
0.524643 0.172095 78.3264 56.8016 
0.528685 5.69255 86.8898 28.4788 
0.531298 4.68397 66.2487 -3.4436 
0.526493 1.58818 26.8094 65.5107 
0.529593 0.363837 72.6003 62.4052 
0.52943 4.14332 45.9721 -8.36427 
0.526916 0.62529 63.2914 67.972 
0.531883 0.990257 48.9728 71.3471 
0.526899 4.97488 76.2881 2.74996 
0.528135 5.10748 79.0099 6.74793 
0.531575 5.35697 84.3565 16.0259 
0.530869 0.762497 57.9688 69.9684 
0.525257 4.38395 55.0829 -7.81171 
0.53246 2.24974 10.1284 45.5655 
0.530216 0.0578712 80.445 53.4418 
0.526035 3.90665 36.0045 -7.34724 
0.531085 -0.313035 86.1357 40.0514 
0.533447 3.74227 30.1699 -4.92591 
0.532051 0.482602 68.0239 65.7733 
0.53234 3.55613 24.1243 -0.899001 
0.530791 5.38568 84.419 16.6357 
0.532573 -0.117342 83.5672 47.9039 
0.527085 4.36487 54.5396 -8.04014 
0.523604 0.12838 79.4963 55.4801 
0.529747 4.68999 66.8843 -3.45396 
0.527487 -0.0503058 82.6173 49.8336 
0.529386 5.43048 85.2132 19.0657 
0.53071 4.28979 52.1249 -8.8307 
0.523753 3.80255 32.8212 -6.06161 
0.531656 1.55596 27.3573 66.658 
0.526069 4.28159 51.0019 -8.79601 
0.532426 2.76593 7.90276 25.5628 
0.530453 4.57726 62.28 -5.82881 
0.527119 2.20806 10.2981 47.3595 
0.528093 4.67421 66.4532 -3.62157 
0.525156 1.47983 30.6441 67.4509 
0.528794 -0.330289 86.8967 39.2224 
0.528258 5.70791 87.2565 29.2432 
0.531475 4.08274 43.3076 -8.25808 
0.532719 3.32278 16.8657 5.70326 
0.531308 5.73233 87.4268 30.2369 
0.52841 1.43204 32.5739 68.8935 
0.533023 3.06654 11.1509 14.2856 
0.523978 5.52623 86.6268 21.7065 
0.524116 -0.17695 85.0449 45.3006 
0.529437 1.01579 48.6927 71.2415 
0.529537 4.46126 58.7502 -7.30552 
0.523973 4.87426 73.3728 0.432674 
0.527968 0.882647 54.0679 70.7322 
0.525548 0.542492 66.9806 66.5261 
0.523749 4.79036 70.226 -1.96248 
0.526862 0.0508701 80.5062 53.4131 
0.527814 2.83968 8.65752 22.7271 
0.527492 4.73612 68.2248 -2.48464 
0.531279 -0.0248273 82.1418 50.5069 
0.528035 3.03453 10.5398 15.3863 
0.53096 4.01201 40.8756 -7.91262 
0.523971 2.00446 14.2842 53.8943 
0.526785 1.06055 46.8169 71.0386 
0.526478 1.03109 48.1438 71.4478 
0.525764 3.8187 32.6179 -6.46729 
0.529312 2.04614 13.7712 53.2826 
0.528908 2.72739 7.14119 26.7884 
0.527358 3.4579 20.5197 1.5156 
0.528055 3.83595 33.7533 -6.67962 
0.5245 0.0904996 80.5486 54.7606 
0.529484 5.41044 85.3549 17.9497 
0.526978 3.69126 28.534 -4.14346 
0.527538 3.4893 21.3969 0.219347 
0.528662 4.8243 70.8308 -0.59722 
0.533546 0.415581 70.9537 63.8756 
0.526604 4.57659 62.8397 -5.73278 
0.533168 2.07306 12.6671 52.3987 
0.526713 3.75821 30.5701 -5.67672 
0.533396 1.3848 33.4086 69.5381 
0.533341 3.99212 39.933 -7.48841 
0.528953 4.99297 76.4374 3.22065 
0.53282 4.77167 70.0866 -2.0518 
0.525716 0.886031 53.325 71.0227 
0.528904 0.433993 70.1383 64.7067 
0.531592 0.447358 69.8766 64.6321 
0.532447 2.24362 10.1644 45.3869 
0.53253 5.57507 86.7129 24.5627 
0.526025 5.16249 80.8262 8.62393 
0.529426 2.38825 8.35352 39.9583 
0.526734 -0.326124 86.2849 38.9207 
0.527221 2.32408 8.81835 42.3179 
0.532266 1.17098 41.8746 71.4473 
0.52497 4.31188 51.976 -8.09717 
0.525833 5.34296 83.8871 14.81 
0.531335 2.66322 7.33811 29.3539 
0.528886 3.23932 15.1244 7.67495 
0.531031 0.288974 74.9977 61.0905 
0.53077 -0.0149365 81.9343 51.2652 
0.531388 1.71405 22.4703 62.597 
0.525881 4.42231 56.3985 -7.49431 
0.531462 3.9655 38.6478 -7.2605 
0.527656 1.98644 15.3853 54.8642 
0.53159 -0.204356 85.1637 44.4196 
0.526139 -0.103402 83.95 48.117 
0.526107 4.73212 68.619 -2.59334 
0.528435 2.96435 9.22286 17.3864 
0.529473 4.6692 65.9466 -3.69943 
0.530833 5.21219 81.2711 11.3356 
0.528114 3.75117 30.2025 -4.98738 
0.529586 0.187138 77.2294 57.5534 
0.530541 4.84372 72.3571 -0.365482 
0.528407 -0.473893 87.299 33.7037 
0.532287 0.829322 55.6427 70.6646 
0.526451 -0.0103366 81.8714 50.7206 
0.52692 1.99604 14.7915 54.3325 
0.52974 4.10471 44.7013 -8.07533 
0.530915 2.27703 9.41684 44.5288 
0.524217 0.406287 71.7585 63.7826 
0.529183 5.0824 79.2049 6.73174 
0.524453 0.341795 73.1777 61.9158 
0.533483 1.45446 31.1533 68.369 
0.527046 -0.112376 84.187 47.3791 
0.531395 2.83476 7.93849 22.5554 
0.532171 1.66907 23.2721 64.3418 
0.52562 3.24854 14.8277 7.73754 
0.532988 3.65077 27.1501 -2.64106 
0.533403 2.50551 7.68643 36.1469 
0.529631 1.24887 39.2504 70.1732 
0.533111 4.26601 50.5759 -8.10093 
0.528152 0.16282 78.3903 57.0094 
0.527529 3.5959 25.0826 -2.4085 
0.532397 1.78626 20.1037 60.4589 
0.528596 -0.00875862 81.8619 51.0082 
0.532165 5.72527 87.3148 30.2935 
0.530587 4.50177 59.9946 -6.31363 
0.527588 1.73656 21.4762 62.0329 
0.529908 4.91151 74.1916 1.82531 
0.529312 5.21201 81.5775 10.3643 
0.527266 1.98213 14.5602 55.0195 
0.531447 3.38144 18.2646 3.41937 
0.532591 2.10088 11.8754 50.9294 
0.528695 4.28212 51.3489 -8.83608 
0.531682 2.64932 6.76333 30.1433 
0.530592 2.51604 7.88023 35.4603 
0.532707 0.112821 79.2756 55.9191 
0.525248 3.8709 35.44 -6.61473 
0.523886 5.57415 87.2031 23.5061 
0.53202 0.313378 74.2275 61.7948 
0.530686 2.62387 6.96749 30.4795 
0.525858 -0.313473 86.4708 40.047 
0.524081 2.53503 7.98485 34.2377 
0.525987 4.82409 70.966 -0.713376 
0.531173 4.10745 44.7414 -8.75754 
0.531305 5.27329 83.1141 12.7559 
0.530151 4.68872 66.7793 -3.9839 
0.527189 2.50423 7.59671 35.9377 
0.526176 3.59261 25.1961 -2.44524 
0.532739 5.29761 83.085 14.4351 
0.533163 -0.346652 87.0848 38.8492 
0.5332 0.234075 75.9483 59.2563 
0.529867 4.43069 56.7323 -7.72663 
0.527025 -0.437991 87.7345 35.1501 
0.529495 3.4308 20.3639 2.45667 
0.525352 2.61223 6.9561 31.8597 
0.530875 1.79621 20.1913 60.9767 
0.53193 1.02948 47.4971 71.6958 
0.531413 0.247885 76.1895 59.2813 
0.528358 -0.437416 86.9264 34.7652 
0.531767 1.14979 42.7674 70.9512 
0.530281 2.91816 8.97091 19.6385 
0.531126 0.433325 69.7133 64.8131 
0.529938 4.99879 76.3224 3.95148 
0.52468 4.28551 51.0396 -9.16032 
0.528021 2.70804 6.99306 28.0247 
0.530643 3.65788 26.8417 -3.14475 
0.527549 -0.348901 86.4611 38.6858 
0.527105 -0.355533 86.6742 38.444 
0.530315 3.18433 13.4364 9.92485 
0.524091 4.72875 68.1946 -3.23918 
0.523959 2.90645 9.09456 19.26 
0.524528 1.81145 19.7488 60.3754 
0.531175 3.6363 26.0536 -2.5222 
0.524527 4.5418 61.5158 -6.79939 
0.524358 2.13878 11.5878 49.8065 
0.528259 3.13035 12.5192 11.5702 
0.527748 3.5507 23.2819 -1.47243 
0.528631 0.577398 65.5681 67.0044 
0.532605 5.27614 82.5356 13.4091 
0.530983 0.800539 56.9083 70.6231 
0.529417 1.98762 15.1192 54.7691 
0.530817 -0.204086 85.6466 44.011 
0.527845 5.18996 81.7211 9.77233 
0.532815 5.40033 84.6084 17.8996 
0.532736 4.81904 71.1148 -0.52577 
0.53329 5.11218 79.7603 7.48794 
0.531507 -0.342432 86.8785 39.4594 
0.531734 0.591223 64.1684 67.6989 
0.528313 1.58741 26.4754 65.7884 
0.526246 0.930699 52.185 71.2755 
0.527556 -0.51713 87.5802 31.431 
0.528228 0.423156 70.9103 64.2564 
0.531597 4.15266 45.7386 -8.17223 
0.525753 1.96154 15.2366 55.3444 
0.527196 2.336 8.38058 42.0016 
0.527299 4.37129 54.517 -7.60352 
0.524021 -0.00723952 81.8789 50.6045 
0.524825 3.17933 13.5052 9.3869 
0.526437 -0.326376 87.0399 39.2566 
0.532638 0.707348 60.4755 69.4207 
0.529872 2.19165 11.1036 47.3926 
0.529793 2.06833 13.2444 52.4355 
0.52743 0.147069 78.9294 56.6847 
0.525254 5.6664 86.9665 27.8143 
0.524053 -0.319572 86.3205 39.5103 
0.532575 1.73882 21.7826 62.2959 
0.533184 0.706697 60.5134 69.3936 
0.526037 -0.267537 86.5974 41.1621 
0.524916 0.61097 64.4999 67.1646 
0.532884 2.37623 7.80627 40.6004 
0.525276 0.52553 66.9044 65.9967 
0.527902 4.89083 73.7881 0.934986 
0.530202 4.77315 69.4214 -1.91478 
0.530237 0.921933 51.9325 71.3953 
0.531318 0.509062 67.5196 65.8571 
0.533273 3.93407 37.1381 -6.9848 
0.532203 0.0868867 79.6059 54.8251 
0.528082 4.71998 67.5879 -3.19506 
0.527721 3.93265 37.2857 -7.89751 
0.529573 5.32236 84.1905 15.0025 
0.531781 -0.429473 86.8112 35.5091 
0.526856 1.01705 48.7608 71.2492 
0.524883 3.73542 30.0162 -4.77323 
0.530533 4.08142 43.0257 -8.54558 
0.525508 3.13846 12.4399 11.0175 
0.530662 4.69831 66.6573 -3.32043 
0.531052 3.05475 11.4505 14.5064 
0.528878 4.17461 46.6434 -8.57557 
0.525054 2.93444 9.03314 18.7734 
0.531685 2.42589 7.52985 39.3261 
0.531467 1.81446 18.8471 59.9974 
0.52644 3.91855 36.5633 -7.4131 
0.523737 1.79987 20.0911 60.4238 
0.5324 -0.483942 86.9135 33.6518 
0.52979 0.76533 57.833 70.3919 
0.532137 4.7773 69.6779 -1.25874 
0.527134 2.77631 7.58805 24.3969 
0.525762 4.35371 54.3313 -8.7589 
0.53207 -0.277331 86.2259 41.7266 
0.532462 0.309634 73.7049 60.9854 
0.52853 2.15582 10.9707 49.0893 
0.531278 5.38332 84.6848 17.1297 
0.527948 1.54961 27.661 66.3967 
0.526488 0.746857 58.9817 69.2941 
0.530347 2.05169 13.7815 52.3406 
0.528021 3.84267 34.1468 -6.71735 
0.526664 3.57377 24.5419 -1.13476 
0.529554 2.41503 7.59394 39.5349 
0.528438 4.67282 66.3942 -3.72255 
0.530958 4.89395 73.6829 1.25572 
0.529211 -0.0145796 82.561 50.7696 
0.524274 4.00001 40.4071 -8.57969 
0.526982 1.21478 40.604 70.5384 
0.532872 1.93446 15.9253 56.7293 
0.531342 3.92055 37.1526 -6.9853 
0.531433 -0.452138 87.4568 34.8106 
0.526844 5.1745 80.4088 9.47563 
0.524071 1.89481 17.3023 58.158 
0.525151 2.63162 7.45589 30.9974 
0.532895 0.520144 66.9315 66.6572 
0.533309 1.8646 17.9658 58.8851 
0.531908 3.29068 16.2957 6.68956 
0.526679 2.37535 8.91215 40.582 
0.524032 -0.313088 86.2816 39.7902 
0.528378 5.46836 85.9821 19.6716 
0.524228 3.66695 27.1942 -3.76767 
0.53233 0.292143 74.7047 61.2546 
0.531142 4.68964 67.097 -3.50651 
0.53163 2.88307 8.87178 20.2131 
0.529806 5.57386 86.7692 23.8665 
0.529265 2.47796 7.15112 37.1479 
0.525187 1.75102 21.6488 62.0166 
0.526791 3.96984 38.3269 -8.17114 
0.532446 0.146315 78.793 56.6851 
0.523653 1.96894 15.2754 55.6301 
0.524512 3.5106 22.5997 0.0744796 
0.533407 2.22146 10.0821 47.1828 
0.533173 3.96144 38.4021 -7.25531 
0.52591 3.79797 32.2876 -5.39636 
0.526678 3.42913 19.4564 2.61206 
0.530161 2.80655 7.96319 23.4216 
0.532701 1.54303 28.2779 67.0084 
0.524357 0.642757 63.6659 67.6361 
0.527381 2.37539 8.67131 40.528 
0.530451 0.408353 71.2483 63.8964 
0.524392 4.01194 40.1898 -7.8524 
0.531277 4.01699 41.2315 -7.78606 
0.526948 2.16488 11.4386 48.7318 
0.525672 0.699577 60.6137 68.92 
0.523763 -0.178606 84.7749 44.8376 
0.532545 3.19125 13.5458 8.99456 
0.529405 3.22483 14.9019 8.80049 
0.527641 3.56609 24.0259 -1.42371 
0.527556 -0.00288384 82.1685 51.414 
0.526879 0.189697 77.3762 57.2568 
0.527817 0.950212 50.7645 70.9504 
0.524449 5.35584 84.2468 15.1724 
0.528708 5.60039 87.2416 24.7459 
0.526824 3.98035 39.7322 -8.08368 
0.526904 3.1992 13.8658 9.22235 
0.524641 2.60078 7.77745 31.5675 
0.529134 1.10535 44.7337 71.1043 
0.524514 -0.341226 86.8424 38.4184 
0.523825 5.52965 86.3605 22.0965 
0.528078 5.54382 86.5142 23.3961 
0.530032 5.3119 83.6039 14.13 
0.523755 4.7756 69.6967 -2.38776 
0.530043 2.62066 7.31847 30.9025 
0.531226 4.60187 63.8593 -5.25634 
0.529239 0.776365 57.6295 69.9761 
0.526077 0.225012 76.7513 58.6741 
0.526693 -0.067816 83.8061 49.382 
0.529153 3.37869 18.5468 4.00006 
0.529075 0.431373 70.051 64.5178 
0.52713 2.78335 7.607 24.6068 
0.530887 2.45694 7.25418 37.9854 
0.525111 5.57218 86.5552 23.8017 
0.525118 -0.089342 83.9456 47.908 
0.52385 2.07005 12.7514 51.9589 
0.526669 0.983133 50.264 71.4968 
0.524261 -0.307253 86.9358 39.6018 
0.530008 0.0598571 81.0363 53.4695 
0.530625 3.83929 33.352 -6.78487 
0.533364 3.53352 23.1222 -0.8269 
0.533219 2.84155 8.62476 21.8656 
0.524473 4.71409 67.5542 -3.94738 
0.52971 3.65692 27.2673 -3.15735 
0.533137 3.76345 30.7233 -5.05531 
0.52874 3.05732 11.1186 13.7342 
0.52804 5.15178 80.8255 8.80246 
0.529554 4.6409 64.6253 -4.78957 
0.526693 0.619186 64.0236 67.5444 
0.531113 4.20504 48.5284 -8.37654 
0.5324 3.84181 34.118 -6.46794 
0.527075 3.89229 35.8576 -6.87247 
0.523599 0.163403 78.6294 56.4726 
0.525558 0.302752 74.2369 61.1007 
0.526924 2.88684 8.71914 20.5736 
0.533544 0.575345 64.9099 67.1516 
0.526311 3.45605 20.7386 1.39892 
0.524046 0.490154 69.1511 65.0397 
0.525404 2.45258 8.17323 37.5535 
0.533292 4.26488 50.4767 -8.12677 
0.533241 1.93931 15.9415 56.7621 
0.533384 0.263808 74.9438 59.7945 
0.528995 1.85913 18.5155 58.3767 
0.526266 -0.0980123 83.6902 48.1427 
0.533477 4.15538 45.9419 -8.32015 
0.523764 3.18184 13.3844 10.1888 
0.528121 2.90462 8.92207 19.3522 
0.530155 1.99465 14.8438 54.2403 
0.523938 -0.131664 85.0068 46.1208 
0.528623 -0.409082 87.5013 36.5145 
0.52368 3.51243 22.4179 -0.317266 
0.5242 3.11334 12.3819 12.4374 
0.530844 4.99874 76.4381 4.42436 
0.531109 1.13546 43.0127 71.0192 
0.524879 5.42021 85.6598 18.3781 
0.530724 4.97063 75.4024 2.83077 
0.530843 4.31173 52.7637 -8.28725 
0.529149 0.309112 74.5285 61.0114 
0.531554 1.99977 14.3611 54.3896 
0.530779 3.86169 35.0314 -6.15223 
0.528131 0.332089 73.2213 62.2394 
0.528702 5.57854 87.214 24.8367 
0.529749 5.30677 83.6392 13.715 
0.531086 5.3464 84.1816 15.3439 
0.528489 4.14236 45.7386 -9.02946 
0.528917 4.78114 70.1079 -1.31775 
0.524353 2.92404 9.47275 18.6348 
0.528418 4.92081 74.0587 1.63253 
0.528611 5.73656 87.3472 30.6277 
0.528752 1.0757 45.908 71.9328 
0.529831 -0.514177 87.197 31.5932 
0.531862 2.39256 8.13582 40.0077 
0.528271 5.34463 84.061 15.2142 
0.523728 0.961182 50.9975 70.7254 
0.529749 1.73298 21.9887 62.5361 
0.53126 5.03881 77.9599 5.26455 
0.531027 -0.187705 84.5882 44.9263 
0.526218 5.57531 86.8865 24.5086 
0.528469 2.07236 13.3533 52.2727 
